-1.000000 0.454545 1.000000 1.000000 0.630000 0.500000 0.000000 1.000000 0.772277 1.000000 0.000000 0.333333 0.000000 1.000000 
1.000000 0.831169 0.000000 1.000000 0.650000 0.537234 0.000000 0.000000 0.603960 0.000000 0.322581 0.666667 0.666667 0.428571 
-1.000000 0.753247 1.000000 1.000000 0.625000 0.531915 0.000000 1.000000 0.846535 0.000000 0.000000 0.333333 0.666667 1.000000 
1.000000 0.558442 1.000000 0.750000 0.650000 0.558511 0.000000 0.000000 0.801980 0.000000 0.306452 0.333333 0.333333 0.428571 
-1.000000 0.792208 1.000000 0.250000 0.670000 0.414894 0.000000 0.000000 0.717822 0.000000 0.419355 0.666667 0.666667 0.428571 
1.000000 0.922078 0.000000 0.750000 0.550000 0.469858 1.000000 1.000000 0.643564 0.000000 0.000000 0.333333 0.333333 0.428571 
-1.000000 0.753247 1.000000 1.000000 0.500000 0.414894 0.000000 0.000000 0.772277 0.000000 0.016129 0.333333 0.333333 1.000000 
-1.000000 0.857143 1.000000 0.500000 0.800000 0.436170 0.000000 0.000000 0.594059 1.000000 0.000000 0.666667 1.000000 0.857143 
1.000000 0.987013 0.000000 0.750000 0.700000 0.349291 0.000000 0.500000 0.574257 0.000000 0.177419 0.666667 0.000000 0.428571 
1.000000 0.662338 1.000000 0.750000 0.500000 0.393617 0.000000 0.000000 0.707921 1.000000 0.193548 0.666667 0.000000 0.428571 
1.000000 0.701299 0.000000 0.750000 0.675000 0.539007 1.000000 0.000000 0.841584 0.000000 0.000000 0.333333 0.000000 0.428571 
-1.000000 0.714286 1.000000 1.000000 0.660000 0.625887 0.000000 0.000000 0.653465 1.000000 0.193548 0.666667 0.333333 1.000000 
-1.000000 0.740260 1.000000 1.000000 0.825000 0.512411 1.000000 1.000000 0.613861 0.000000 0.161290 0.666667 1.000000 1.000000 
1.000000 0.675325 1.000000 1.000000 0.540000 0.413121 1.000000 0.000000 0.727723 0.000000 0.016129 0.333333 1.000000 1.000000 
1.000000 0.545455 1.000000 1.000000 0.700000 0.400709 0.000000 0.000000 0.881188 0.000000 0.000000 0.333333 0.000000 0.428571 
1.000000 0.870130 0.000000 0.750000 0.575000 1.000000 0.000000 1.000000 0.792079 0.000000 0.258065 0.666667 0.000000 1.000000 
1.000000 0.909091 1.000000 0.500000 0.780000 0.434397 0.000000 1.000000 0.707921 0.000000 0.000000 0.333333 0.000000 0.428571 
-1.000000 0.662338 1.000000 1.000000 0.700000 0.528369 0.000000 0.000000 0.603960 1.000000 0.677419 0.666667 1.000000 1.000000 
-1.000000 0.675325 1.000000 1.000000 0.625000 0.375887 0.000000 0.000000 0.831683 0.000000 0.161290 0.333333 0.666667 1.000000 
1.000000 0.597403 0.000000 1.000000 0.690000 0.430851 0.000000 1.000000 0.752475 1.000000 0.000000 0.666667 0.000000 0.428571 
1.000000 0.558442 0.000000 0.750000 0.610000 0.377660 0.000000 0.000000 0.816832 0.000000 0.032258 0.666667 0.000000 0.428571 
1.000000 0.597403 1.000000 0.500000 0.505000 0.349291 1.000000 0.000000 0.772277 0.000000 0.000000 0.333333 0.000000 1.000000 
-1.000000 0.623377 1.000000 0.500000 0.550000 0.406028 0.000000 0.000000 0.831683 0.000000 0.161290 1.000000 0.000000 1.000000 
1.000000 0.662338 1.000000 0.750000 0.625000 0.434397 1.000000 1.000000 0.821782 0.000000 0.387097 0.666667 0.000000 0.428571 
1.000000 0.545455 1.000000 0.750000 0.650000 0.319149 0.000000 0.000000 0.742574 0.000000 0.000000 0.333333 0.000000 0.428571 
1.000000 0.766234 1.000000 1.000000 0.690000 0.480496 0.000000 1.000000 0.900990 0.000000 0.000000 0.333333 0.000000 0.428571 
-1.000000 0.636364 1.000000 0.750000 0.590000 0.264184 0.000000 1.000000 0.623762 0.000000 0.129032 0.333333 1.000000 0.428571 
1.000000 0.688312 1.000000 0.750000 0.650000 0.436170 1.000000 1.000000 0.856436 0.000000 0.000000 0.333333 1.000000 0.428571 
-1.000000 0.805195 1.000000 0.500000 0.600000 0.498227 0.000000 1.000000 0.509901 0.000000 0.225806 0.666667 0.333333 1.000000 
-1.000000 0.844156 1.000000 1.000000 0.550000 0.439716 0.000000 1.000000 0.782178 0.000000 0.096774 0.333333 0.666667 0.857143 
-1.000000 0.727273 1.000000 1.000000 0.650000 0.501773 1.000000 1.000000 0.509901 1.000000 0.258065 1.000000 0.000000 1.000000 
1.000000 0.649351 0.000000 0.750000 0.600000 0.388298 0.000000 0.000000 0.782178 0.000000 0.258065 0.666667 0.000000 0.428571 
1.000000 0.584416 0.000000 1.000000 0.690000 0.418440 0.000000 1.000000 0.752475 1.000000 0.032258 0.666667 0.000000 0.428571 
1.000000 0.675325 0.000000 0.750000 0.680000 0.347518 0.000000 1.000000 0.836634 0.000000 0.016129 0.666667 0.000000 0.428571 
-1.000000 0.766234 1.000000 1.000000 0.700000 0.313830 0.000000 0.000000 0.801980 1.000000 0.000000 0.333333 0.333333 1.000000 
1.000000 0.896104 1.000000 0.250000 0.800000 0.414894 1.000000 1.000000 0.648515 0.000000 0.016129 0.666667 0.333333 0.428571 
-1.000000 0.779221 1.000000 1.000000 0.585000 0.407801 1.000000 0.000000 0.792079 1.000000 0.225806 0.333333 0.666667 1.000000 
1.000000 0.922078 0.000000 0.500000 0.800000 0.535461 0.000000 0.000000 0.801980 0.000000 0.064516 0.333333 0.666667 0.428571 
-1.000000 0.701299 1.000000 1.000000 0.610000 0.507092 0.000000 1.000000 0.574257 1.000000 0.516129 0.666667 0.666667 0.428571 
1.000000 0.675325 1.000000 0.500000 0.640000 0.363475 1.000000 0.000000 0.910891 0.000000 0.000000 0.333333 0.000000 0.428571 
1.000000 0.831169 1.000000 1.000000 0.640000 0.466312 0.000000 0.000000 0.519802 1.000000 0.032258 0.666667 0.333333 1.000000 
1.000000 0.506494 0.000000 0.750000 0.470000 0.352837 0.000000 0.000000 0.886139 0.000000 0.000000 0.333333 0.000000 0.428571 
1.000000 0.532468 1.000000 0.750000 0.560000 0.443262 0.000000 0.000000 0.886139 0.000000 0.000000 0.333333 0.000000 0.428571 
-1.000000 0.714286 0.000000 1.000000 0.900000 0.579787 0.000000 0.500000 0.579208 1.000000 0.548387 0.666667 0.000000 0.428571 
-1.000000 0.701299 1.000000 0.500000 0.960000 0.501773 0.000000 1.000000 0.965347 0.000000 0.000000 0.333333 0.333333 1.000000 
1.000000 0.532468 1.000000 0.750000 0.650000 0.379433 0.000000 1.000000 0.831683 0.000000 0.322581 0.666667 0.000000 0.428571 
1.000000 0.519481 1.000000 0.250000 0.700000 0.352837 0.000000 0.000000 0.881188 1.000000 0.225806 0.333333 0.000000 1.000000 
-1.000000 0.662338 1.000000 1.000000 0.700000 0.530142 0.000000 0.000000 0.856436 1.000000 0.258065 0.333333 0.000000 1.000000 
1.000000 0.571429 1.000000 0.500000 0.600000 0.466312 0.000000 0.000000 0.856436 0.000000 0.000000 0.333333 0.000000 1.000000 
-1.000000 0.857143 1.000000 1.000000 0.560000 0.375887 0.000000 1.000000 0.653465 1.000000 0.016129 0.333333 0.333333 0.428571 
1.000000 0.636364 0.000000 1.000000 0.650000 0.476950 0.000000 0.000000 0.806931 0.000000 0.000000 0.333333 0.000000 0.428571 
-1.000000 0.727273 1.000000 1.000000 0.625000 0.441489 1.000000 1.000000 0.712871 1.000000 0.193548 0.666667 0.333333 0.428571 
1.000000 0.597403 0.000000 0.750000 0.710000 0.313830 0.000000 1.000000 0.792079 1.000000 0.225806 1.000000 0.000000 0.428571 
-1.000000 0.753247 1.000000 1.000000 0.640000 0.459220 0.000000 1.000000 0.643564 1.000000 0.483871 0.666667 0.666667 1.000000 
-1.000000 0.571429 1.000000 1.000000 0.550000 0.349291 0.000000 1.000000 0.876238 0.000000 0.000000 0.333333 0.333333 0.428571 
1.000000 0.584416 1.000000 1.000000 0.575000 0.460993 0.000000 1.000000 0.915842 0.000000 0.000000 0.333333 0.000000 0.428571 
1.000000 0.740260 0.000000 1.000000 0.640000 0.537234 0.000000 1.000000 0.787129 0.000000 0.000000 0.333333 0.333333 0.428571 
1.000000 0.727273 1.000000 0.250000 0.600000 0.342199 0.000000 1.000000 0.801980 0.000000 0.306452 0.666667 0.000000 1.000000 
1.000000 0.584416 1.000000 0.500000 0.640000 0.546099 0.000000 1.000000 0.841584 0.000000 0.000000 0.333333 0.000000 0.428571 
1.000000 0.740260 0.000000 1.000000 0.600000 0.627660 0.000000 0.000000 0.806931 1.000000 0.096774 0.333333 0.000000 0.428571 
1.000000 0.623377 0.000000 0.750000 0.650000 0.487589 0.000000 0.000000 0.688119 0.000000 0.032258 0.333333 0.000000 0.428571 
1.000000 0.896104 0.000000 0.250000 0.700000 0.423759 0.000000 0.000000 0.747525 0.000000 0.290323 0.333333 0.666667 0.428571 
1.000000 0.714286 0.000000 0.500000 0.675000 0.443262 0.000000 1.000000 0.797030 0.000000 0.225806 0.666667 0.000000 0.428571 
-1.000000 0.740260 1.000000 1.000000 0.760000 0.485816 0.000000 0.000000 0.435644 1.000000 0.193548 0.666667 0.333333 1.000000 
1.000000 0.753247 1.000000 0.750000 0.525000 0.425532 0.000000 1.000000 0.762376 1.000000 0.096774 0.666667 0.000000 1.000000 
1.000000 0.701299 0.000000 0.750000 0.540000 0.473404 0.000000 1.000000 0.826733 0.000000 0.000000 0.333333 0.000000 0.428571 
1.000000 0.649351 1.000000 0.750000 0.645000 0.347518 0.000000 0.000000 0.806931 0.000000 0.000000 0.333333 0.000000 0.428571 
1.000000 0.805195 1.000000 0.500000 0.640000 0.368794 1.000000 1.000000 0.693069 0.000000 0.000000 0.333333 0.000000 0.428571 
1.000000 0.870130 0.000000 1.000000 0.530000 0.395390 0.000000 0.000000 0.702970 0.000000 0.048387 0.333333 0.666667 0.428571 
-1.000000 0.883117 1.000000 0.750000 0.900000 0.485816 1.000000 1.000000 0.742574 1.000000 0.258065 0.666667 0.000000 1.000000 
1.000000 0.623377 1.000000 0.500000 0.650000 0.434397 0.000000 1.000000 0.891089 0.000000 0.032258 0.666667 0.000000 0.428571 
1.000000 0.675325 1.000000 0.750000 0.860000 0.352837 1.000000 0.000000 0.801980 0.000000 0.080645 0.333333 0.000000 1.000000 
1.000000 0.636364 0.000000 0.500000 0.670000 0.480496 0.000000 0.000000 0.801980 0.000000 0.000000 0.666667 0.000000 0.428571 
-1.000000 0.779221 1.000000 1.000000 0.625000 0.457447 0.000000 1.000000 0.698020 1.000000 0.451613 0.666667 0.333333 1.000000 
1.000000 0.961039 0.000000 0.500000 0.600000 0.476950 0.000000 1.000000 0.599010 1.000000 0.032258 0.333333 0.333333 0.428571 
-1.000000 0.766234 1.000000 1.000000 0.550000 0.423759 0.000000 1.000000 0.702970 1.000000 0.193548 0.666667 0.333333 1.000000 
-1.000000 0.870130 1.000000 1.000000 0.600000 0.406028 0.000000 1.000000 0.638614 1.000000 0.419355 0.666667 0.666667 1.000000 
-1.000000 0.818182 1.000000 1.000000 0.650000 0.585106 1.000000 1.000000 0.653465 1.000000 0.290323 0.333333 1.000000 1.000000 
-1.000000 0.870130 1.000000 1.000000 0.800000 0.507092 0.000000 1.000000 0.534653 1.000000 0.241935 0.666667 1.000000 0.428571 
1.000000 0.597403 0.000000 0.500000 0.525000 0.361702 0.000000 0.000000 0.851485 0.000000 0.000000 0.333333 0.000000 0.428571 
-1.000000 0.727273 1.000000 1.000000 0.660000 0.326241 0.000000 1.000000 0.519802 1.000000 0.338710 0.666667 0.333333 0.857143 
-1.000000 0.844156 1.000000 1.000000 0.675000 0.450355 0.000000 1.000000 0.628713 0.000000 0.451613 0.666667 0.333333 1.000000 
1.000000 0.805195 1.000000 0.750000 0.650000 0.409574 0.000000 0.000000 0.722772 0.000000 0.290323 0.666667 1.000000 1.000000 
-1.000000 0.701299 1.000000 1.000000 0.620000 0.471631 0.000000 1.000000 0.539604 1.000000 0.354839 0.666667 0.333333 1.000000 
1.000000 0.545455 0.000000 1.000000 0.510000 0.469858 0.000000 1.000000 0.603960 0.000000 0.096774 0.666667 0.000000 0.428571 
1.000000 0.766234 1.000000 0.500000 0.700000 0.391844 0.000000 0.000000 0.811881 1.000000 0.000000 0.333333 0.000000 0.428571 
1.000000 0.441558 0.000000 0.500000 0.590000 0.372340 0.000000 0.000000 0.950495 0.000000 0.112903 0.333333 0.000000 0.428571 
-1.000000 0.597403 1.000000 1.000000 0.600000 0.441489 0.000000 1.000000 0.712871 0.000000 0.129032 0.333333 0.000000 1.000000 
-1.000000 0.610390 1.000000 1.000000 0.550000 0.487589 0.000000 1.000000 0.584158 1.000000 0.161290 0.666667 0.333333 0.428571 
-1.000000 0.779221 1.000000 0.750000 0.700000 0.328014 0.000000 1.000000 0.767327 0.000000 0.483871 0.666667 0.000000 0.428571 
-1.000000 0.818182 0.000000 1.000000 0.750000 0.721631 0.000000 1.000000 0.762376 0.000000 0.645161 0.666667 1.000000 1.000000 
1.000000 0.584416 0.000000 0.500000 0.650000 0.414894 0.000000 1.000000 0.866337 0.000000 0.096774 0.666667 0.000000 0.428571 
1.000000 0.584416 1.000000 1.000000 0.520000 0.368794 0.000000 1.000000 0.732673 1.000000 0.483871 0.666667 0.000000 0.428571 
1.000000 0.532468 0.000000 0.500000 0.630000 0.542553 0.000000 0.000000 0.806931 0.000000 0.000000 0.333333 0.000000 0.428571 
1.000000 0.701299 1.000000 1.000000 0.700000 0.423759 0.000000 0.000000 0.792079 0.000000 0.193548 0.333333 0.000000 0.428571 
-1.000000 0.766234 1.000000 0.250000 0.800000 0.484043 0.000000 1.000000 0.618812 0.000000 0.000000 0.333333 0.000000 0.428571 
-1.000000 0.753247 1.000000 0.500000 0.600000 0.503546 0.000000 1.000000 0.792079 0.000000 0.290323 0.666667 0.000000 0.428571 
1.000000 0.818182 0.000000 0.500000 0.700000 0.345745 0.000000 0.000000 0.886139 0.000000 0.000000 0.333333 0.666667 0.428571 
1.000000 0.701299 1.000000 0.750000 0.600000 0.457447 0.000000 1.000000 0.727723 0.000000 0.064516 0.666667 0.000000 1.000000 
1.000000 0.545455 0.000000 0.750000 0.600000 0.370567 0.000000 0.000000 0.856436 0.000000 0.000000 0.666667 0.000000 0.428571 
-1.000000 0.792208 1.000000 1.000000 0.690000 0.294326 0.000000 1.000000 0.618812 1.000000 0.580645 0.666667 0.333333 0.428571 
1.000000 0.844156 0.000000 0.750000 0.775000 0.476950 0.000000 0.000000 0.732673 0.000000 0.129032 0.333333 0.000000 0.428571 
-1.000000 0.805195 0.000000 1.000000 0.800000 0.290780 0.000000 1.000000 0.717822 0.000000 1.000000 1.000000 1.000000 1.000000 
1.000000 0.532468 1.000000 0.500000 0.675000 0.359929 0.000000 0.000000 0.653465 0.000000 0.000000 0.666667 0.000000 0.857143 
-1.000000 0.805195 1.000000 1.000000 0.600000 0.473404 0.000000 0.000000 0.490099 1.000000 0.290323 0.666667 0.666667 1.000000 
-1.000000 0.688312 1.000000 1.000000 0.700000 0.359929 1.000000 1.000000 0.767327 1.000000 0.500000 1.000000 0.000000 1.000000 
-1.000000 0.844156 1.000000 0.250000 0.690000 0.500000 1.000000 1.000000 0.861386 0.000000 0.225806 0.666667 0.333333 0.428571 
1.000000 0.779221 0.000000 0.750000 0.600000 0.315603 1.000000 0.000000 0.475248 0.000000 0.000000 0.333333 0.000000 0.428571 
-1.000000 0.792208 0.000000 1.000000 0.725000 0.544326 0.000000 1.000000 0.722772 1.000000 0.161290 0.666667 0.000000 1.000000 
1.000000 0.545455 1.000000 0.500000 0.600000 0.523050 0.000000 0.000000 0.801980 0.000000 0.000000 0.333333 0.000000 0.428571 
-1.000000 0.792208 1.000000 1.000000 0.600000 0.460993 0.000000 0.000000 0.693069 1.000000 0.580645 0.666667 0.333333 1.000000 
-1.000000 0.870130 1.000000 1.000000 0.600000 0.420213 0.000000 0.000000 0.351485 0.000000 0.161290 0.666667 0.000000 0.428571 
1.000000 0.688312 0.000000 1.000000 0.690000 0.414894 0.000000 1.000000 0.792079 0.000000 0.000000 0.333333 0.000000 0.428571 
-1.000000 0.597403 1.000000 1.000000 0.700000 0.551418 0.000000 0.000000 0.594059 1.000000 0.290323 0.666667 0.666667 1.000000 
-1.000000 0.844156 0.000000 1.000000 0.750000 0.398936 0.000000 1.000000 0.564356 0.000000 0.161290 0.666667 1.000000 1.000000 
-1.000000 0.701299 1.000000 1.000000 0.600000 0.333333 0.000000 0.000000 0.559406 0.000000 0.225806 0.666667 0.333333 1.000000 
-1.000000 0.831169 1.000000 0.750000 0.700000 0.593972 0.000000 0.000000 0.782178 0.000000 0.000000 0.333333 0.000000 0.428571 
1.000000 0.649351 0.000000 1.000000 0.550000 0.450355 0.000000 1.000000 0.787129 0.000000 0.000000 0.333333 0.000000 0.428571 
-1.000000 0.740260 1.000000 0.750000 0.640000 0.406028 0.000000 1.000000 0.742574 0.000000 0.064516 0.666667 0.333333 1.000000 
1.000000 0.532468 0.000000 0.750000 0.560000 0.475177 0.000000 1.000000 0.851485 1.000000 0.000000 0.333333 0.000000 0.428571 
1.000000 0.571429 1.000000 0.750000 0.600000 0.400709 0.000000 0.000000 0.836634 0.000000 0.000000 0.333333 0.000000 0.428571 
1.000000 0.558442 1.000000 1.000000 0.750000 0.437943 0.000000 0.000000 0.846535 0.000000 0.241935 0.333333 0.000000 0.428571 
-1.000000 0.623377 1.000000 1.000000 0.620000 0.485816 0.000000 1.000000 0.821782 0.000000 0.080645 0.666667 0.000000 1.000000 
-1.000000 0.493506 1.000000 0.250000 0.600000 0.409574 0.000000 0.000000 0.900990 1.000000 0.612903 0.666667 0.000000 1.000000 
-1.000000 0.779221 1.000000 1.000000 0.725000 0.500000 0.000000 1.000000 0.702970 1.000000 0.451613 0.666667 0.666667 1.000000 
1.000000 0.662338 1.000000 0.750000 0.470000 0.402482 0.000000 0.000000 0.762376 1.000000 0.000000 0.333333 0.333333 1.000000 
1.000000 0.883117 0.000000 0.750000 0.600000 0.374113 0.000000 1.000000 0.569307 0.000000 0.241935 0.666667 0.000000 0.428571 
1.000000 0.571429 1.000000 0.500000 0.650000 0.388298 0.000000 1.000000 0.930693 0.000000 0.000000 0.333333 0.000000 0.428571 
-1.000000 0.779221 1.000000 1.000000 0.650000 0.365248 0.000000 1.000000 0.653465 1.000000 0.387097 0.666667 0.666667 1.000000 
-1.000000 0.766234 1.000000 1.000000 0.850000 0.578014 0.000000 1.000000 0.693069 1.000000 0.548387 1.000000 0.000000 1.000000 
-1.000000 0.688312 1.000000 1.000000 0.615000 0.500000 0.000000 0.000000 0.470297 1.000000 0.322581 0.666667 0.666667 1.000000 
-1.000000 0.805195 0.000000 1.000000 0.700000 0.475177 0.000000 1.000000 0.792079 0.000000 0.580645 1.000000 0.666667 0.428571 
1.000000 0.766234 1.000000 0.750000 0.750000 0.375887 1.000000 0.000000 0.777228 0.000000 0.258065 0.333333 0.000000 0.428571 
-1.000000 0.831169 1.000000 0.750000 0.625000 0.547872 0.000000 0.000000 0.648515 1.000000 0.290323 0.666667 0.000000 1.000000 
-1.000000 0.766234 1.000000 0.250000 0.850000 0.510638 0.000000 1.000000 0.787129 0.000000 0.032258 0.666667 0.000000 1.000000 
-1.000000 0.623377 1.000000 1.000000 0.650000 0.453901 1.000000 1.000000 0.742574 1.000000 0.000000 0.333333 0.666667 1.000000 
-1.000000 0.649351 1.000000 1.000000 0.720000 0.354610 0.000000 1.000000 0.623762 1.000000 0.145161 0.666667 0.000000 1.000000 
-1.000000 0.558442 1.000000 1.000000 0.600000 0.313830 0.000000 1.000000 0.594059 1.000000 0.403226 0.666667 0.000000 1.000000 
1.000000 0.545455 1.000000 0.750000 0.600000 0.425532 1.000000 0.000000 0.960396 0.000000 0.129032 1.000000 0.000000 1.000000 
-1.000000 0.519481 1.000000 1.000000 0.550000 0.296099 0.000000 1.000000 0.564356 1.000000 0.322581 0.666667 0.000000 1.000000 
1.000000 0.675325 1.000000 0.500000 0.600000 0.576241 0.000000 0.000000 0.851485 0.000000 0.032258 0.333333 0.000000 0.428571 
1.000000 0.701299 1.000000 0.750000 0.625000 0.484043 0.000000 1.000000 0.752475 0.000000 0.080645 1.000000 0.333333 0.428571 
1.000000 0.610390 1.000000 0.750000 0.690000 0.455674 0.000000 1.000000 0.772277 0.000000 0.000000 0.333333 0.000000 0.428571 
-1.000000 0.454545 1.000000 1.000000 0.600000 0.351064 0.000000 0.000000 0.643564 1.000000 0.258065 0.666667 0.000000 1.000000 
1.000000 0.571429 1.000000 0.500000 0.600000 0.390071 0.000000 0.000000 0.841584 0.000000 0.000000 0.333333 0.000000 0.428571 
-1.000000 0.779221 1.000000 1.000000 0.650000 0.448582 0.000000 0.000000 0.712871 1.000000 0.225806 0.333333 0.333333 1.000000 
1.000000 0.701299 1.000000 0.500000 0.540000 0.547872 0.000000 0.000000 0.772277 0.000000 0.000000 0.333333 0.000000 1.000000 
-1.000000 0.727273 0.000000 1.000000 0.670000 0.725177 0.000000 1.000000 0.742574 1.000000 0.306452 0.666667 0.666667 1.000000 
1.000000 0.831169 0.000000 0.750000 0.700000 0.554965 0.000000 0.000000 0.658416 0.000000 0.032258 0.333333 0.000000 1.000000 
1.000000 0.545455 1.000000 0.250000 0.740000 0.432624 0.000000 1.000000 0.881188 0.000000 0.129032 0.333333 0.666667 0.428571 
-1.000000 0.584416 1.000000 1.000000 0.710000 0.547872 0.000000 1.000000 0.727723 1.000000 0.000000 0.666667 1.000000 1.000000 
1.000000 0.805195 0.000000 1.000000 0.620000 0.370567 0.000000 0.000000 0.806931 0.000000 0.000000 0.333333 0.000000 0.428571 
-1.000000 0.649351 1.000000 0.750000 0.700000 0.413121 0.000000 0.000000 0.806931 0.000000 0.096774 0.666667 0.333333 1.000000 
-1.000000 0.909091 1.000000 1.000000 0.650000 0.570922 0.000000 1.000000 0.539604 0.000000 0.387097 0.666667 1.000000 0.428571 
-1.000000 0.701299 1.000000 1.000000 0.550000 0.365248 0.000000 1.000000 0.534653 1.000000 0.000000 0.666667 0.333333 0.428571 
-1.000000 0.701299 1.000000 1.000000 0.550000 0.423759 0.000000 0.000000 0.623762 1.000000 0.451613 0.666667 0.333333 1.000000 
-1.000000 0.857143 0.000000 1.000000 0.890000 0.404255 1.000000 0.000000 0.816832 1.000000 0.161290 0.666667 0.666667 1.000000 
1.000000 0.818182 0.000000 0.750000 0.675000 0.446809 0.000000 1.000000 0.851485 0.000000 0.000000 0.333333 0.000000 0.428571 
1.000000 0.701299 1.000000 0.750000 0.750000 0.411348 0.000000 1.000000 0.816832 0.000000 0.258065 0.333333 0.000000 1.000000 
-1.000000 0.805195 0.000000 1.000000 0.750000 0.432624 0.000000 0.000000 0.762376 1.000000 0.225806 0.666667 0.000000 0.428571 
1.000000 0.857143 0.000000 0.250000 0.750000 0.400709 0.000000 0.000000 0.564356 0.000000 0.419355 1.000000 0.000000 0.428571 
-1.000000 0.753247 1.000000 0.750000 0.660000 0.397163 0.000000 1.000000 0.856436 0.000000 0.516129 0.333333 0.666667 1.000000 
