1.000000 0.694444 0.241107 0.240000 0.031915 0.067496 
1.000000 0.729167 0.438735 0.200000 0.017730 0.017762 
1.000000 0.902778 0.395257 0.160000 0.015957 0.081705 
1.000000 0.763889 0.343874 0.190000 0.028369 0.078153 
1.000000 0.784722 0.355731 0.200000 0.031915 0.028419 
1.000000 0.777778 0.418972 0.160000 0.015957 -0.001776 
-1.000000 0.708333 0.209486 0.140000 0.023050 0.119005 
1.000000 0.736111 0.379447 0.240000 0.017730 0.023091 
1.000000 0.819444 0.256917 0.120000 0.021277 0.030195 
1.000000 0.729167 0.343874 0.150000 0.019504 0.026643 
1.000000 0.743056 0.399209 0.220000 0.015957 0.047957 
-1.000000 0.465278 0.920949 0.740000 0.031915 -0.010657 
1.000000 0.736111 0.166008 0.120000 0.028369 0.024867 
-1.000000 0.736111 0.529644 0.300000 0.019504 0.000000 
-1.000000 0.777778 0.102767 0.070000 0.726950 0.337478 
-1.000000 0.583333 0.731225 0.440000 0.019504 -0.005329 
-1.000000 0.638889 0.438735 0.200000 0.012411 -0.003552 
1.000000 0.694444 0.375494 0.250000 0.023050 -0.003552 
1.000000 0.763889 0.411067 0.180000 0.017730 0.040853 
-1.000000 0.729167 0.687747 0.160000 0.005319 0.007105 
-1.000000 0.673611 0.561265 0.360000 0.026596 0.005329 
1.000000 0.763889 0.363636 0.160000 0.026596 0.005329 
1.000000 0.708333 0.375494 0.140000 0.019504 0.028419 
1.000000 0.736111 0.264822 0.150000 0.021277 0.069272 
1.000000 0.805556 0.399209 0.220000 0.028369 0.014210 
1.000000 0.722222 0.379447 0.110000 0.023050 0.014210 
1.000000 0.833333 0.268775 0.190000 0.023050 0.033748 
-1.000000 0.840278 0.185771 0.180000 0.198582 0.941385 
1.000000 0.784722 0.438735 0.170000 0.014184 0.040853 
1.000000 0.840278 0.399209 0.240000 0.014184 0.053286 
1.000000 0.750000 0.430830 0.120000 0.033688 0.017762 
1.000000 0.895833 0.470356 0.270000 0.021277 0.062167 
1.000000 0.743056 0.513834 0.110000 0.015957 0.055062 
1.000000 0.729167 0.288538 0.150000 0.026596 -0.001776 
-1.000000 0.826389 0.031621 0.070000 1.000000 0.383659 
-1.000000 0.833333 0.075099 0.070000 0.328014 0.426288 
1.000000 0.881944 0.304348 0.180000 0.033688 0.113677 
-1.000000 0.868056 0.146245 0.110000 0.150709 0.460036 
1.000000 0.701389 0.280632 0.220000 0.014184 0.039076 
1.000000 0.756944 0.490119 0.230000 0.030142 0.014210 
-1.000000 0.763889 0.802372 0.370000 0.010638 0.003552 
-1.000000 0.451389 1.000000 0.580000 0.023050 0.003552 
-1.000000 0.930556 0.648221 0.480000 0.010638 0.001776 
-1.000000 0.680556 0.660079 0.430000 0.030142 0.003552 
1.000000 0.777778 0.256917 0.120000 0.021277 0.035524 
1.000000 0.791667 0.391304 0.240000 0.026596 0.101243 
1.000000 0.673611 0.308300 0.130000 0.021277 0.015986 
-1.000000 0.611111 0.952569 0.550000 0.014184 0.001776 
-1.000000 0.979167 0.098814 0.130000 0.150709 0.133215 
1.000000 0.750000 0.256917 0.100000 0.015957 0.026643 
-1.000000 1.000000 0.881423 0.330000 0.023050 0.010657 
1.000000 0.763889 0.446640 0.230000 0.015957 0.058615 
1.000000 0.708333 0.260870 0.120000 0.024823 0.023091 
1.000000 0.798611 0.418972 0.080000 0.037234 0.081705 
1.000000 0.680556 0.411067 0.160000 0.040780 -0.012433 
1.000000 0.798611 0.411067 0.180000 0.028369 0.035524 
-1.000000 0.895833 0.059289 0.060000 0.221631 0.051510 
1.000000 0.736111 0.351779 0.070000 0.017730 0.040853 
-1.000000 0.729167 0.474308 0.330000 0.019504 0.000000 
1.000000 0.729167 0.225296 0.100000 0.015957 0.015986 
1.000000 0.805556 0.454545 0.180000 0.024823 0.095915 
1.000000 0.743056 0.513834 0.150000 0.049645 0.030195 
-1.000000 0.715278 0.201581 0.140000 0.021277 0.088810 
1.000000 0.819444 0.415020 0.210000 0.012411 0.062167 
1.000000 0.805556 0.308300 0.140000 0.019504 0.065719 
1.000000 0.756944 0.332016 0.210000 0.019504 0.063943 
-1.000000 0.770833 0.632411 0.210000 0.015957 -0.001776 
-1.000000 0.868056 0.090909 0.090000 0.292553 0.168739 
1.000000 0.701389 0.264822 0.130000 0.017730 0.101243 
1.000000 0.812500 0.308300 0.200000 0.017730 0.069272 
1.000000 0.791667 0.320158 0.160000 0.028369 0.008881 
1.000000 0.833333 0.490119 0.240000 0.014184 0.033748 
-1.000000 0.687500 0.513834 0.360000 0.012411 -0.001776 
-1.000000 0.944444 0.055336 0.030000 0.578014 0.149201 
1.000000 0.729167 0.438735 0.110000 0.014184 0.021314 
1.000000 0.763889 0.249012 0.100000 0.014184 0.017762 
1.000000 0.736111 0.371542 0.170000 0.015957 0.055062 
1.000000 0.833333 0.280632 0.120000 0.026596 0.076377 
1.000000 0.777778 0.320158 0.190000 0.065603 0.035524 
1.000000 0.750000 0.280632 0.130000 0.028369 0.039076 
1.000000 0.680556 0.359684 0.140000 0.033688 -0.005329 
1.000000 0.743056 0.545455 0.150000 0.017730 0.033748 
1.000000 0.791667 0.264822 0.150000 0.017730 0.062167 
1.000000 0.812500 0.482213 0.190000 0.021277 0.069272 
-1.000000 0.750000 0.138340 0.060000 0.030142 0.024867 
-1.000000 0.819444 0.142292 0.150000 0.205674 0.866785 
1.000000 0.777778 0.375494 0.200000 0.021277 0.012433 
1.000000 0.701389 0.280632 0.160000 0.026596 0.028419 
1.000000 0.826389 0.509881 0.150000 0.023050 0.063943 
1.000000 0.770833 0.359684 0.170000 0.021277 0.072824 
1.000000 0.770833 0.335968 0.160000 0.021277 0.136767 
1.000000 0.625000 0.320158 0.160000 0.024823 0.019538 
-1.000000 0.930556 0.079051 0.050000 0.216312 0.039076 
1.000000 0.715278 0.399209 0.130000 0.012411 0.001776 
1.000000 0.833333 0.332016 0.110000 0.024823 0.024867 
-1.000000 0.965278 0.166008 0.070000 0.076241 0.111901 
1.000000 0.756944 0.363636 0.180000 0.019504 0.078153 
1.000000 0.819444 0.320158 0.190000 0.026596 0.243339 
1.000000 0.708333 0.300395 0.180000 0.035461 0.044405 
1.000000 0.631944 0.316206 0.170000 0.037234 0.081705 
1.000000 0.756944 0.383399 0.140000 0.019504 0.037300 
1.000000 0.881944 0.509881 0.240000 0.024823 0.010657 
1.000000 0.819444 0.418972 0.180000 0.024823 0.053286 
1.000000 0.923611 0.383399 0.290000 0.014184 0.033748 
1.000000 0.784722 0.391304 0.310000 0.035461 0.104796 
1.000000 0.784722 0.454545 0.150000 0.033688 0.051510 
1.000000 0.722222 0.241107 0.180000 0.008865 0.014210 
1.000000 0.694444 0.415020 0.240000 0.015957 0.033748 
-1.000000 0.819444 0.256917 0.130000 0.030142 0.204263 
-1.000000 0.527778 1.000000 0.450000 0.021277 -0.001776 
-1.000000 0.833333 0.268775 0.210000 0.184397 0.685613 
1.000000 0.701389 0.249012 0.150000 0.015957 0.051510 
-1.000000 0.618056 0.565217 0.410000 0.008865 0.003552 
-1.000000 0.659722 0.438735 0.270000 0.028369 -0.005329 
-1.000000 0.826389 0.201581 0.110000 0.124113 0.724689 
-1.000000 0.784722 0.679842 0.180000 0.017730 0.000000 
-1.000000 0.826389 0.150198 0.110000 0.407801 0.101243 
-1.000000 0.930556 0.075099 0.060000 0.326241 0.145648 
-1.000000 0.618056 0.940711 0.540000 0.008865 0.001776 
1.000000 0.777778 0.268775 0.170000 0.024823 0.058615 
1.000000 0.875000 0.411067 0.170000 0.021277 0.062167 
-1.000000 0.611111 0.652174 0.490000 0.014184 0.001776 
1.000000 0.701389 0.308300 0.120000 0.017730 0.030195 
1.000000 0.715278 0.288538 0.100000 0.012411 0.008881 
1.000000 0.875000 0.371542 0.230000 0.017730 0.071048 
1.000000 0.805556 0.395257 0.170000 0.026596 0.076377 
-1.000000 0.687500 0.691700 0.190000 0.024823 0.005329 
1.000000 0.770833 0.308300 0.200000 0.031915 0.072824 
1.000000 0.694444 0.446640 0.250000 0.012411 -0.005329 
